# n. co/bs Rec. B.U.
100 4 20.03 21.03
1000 4 403.85 401.34
10000 4 6688.30 6664.50
100000 4 95969.20 96898.28
100 8 19.49 19.55
1000 8 387.71 390.34
10000 8 6597.04 6453.01
100000 8 93187.26 96164.18
100 12 19.43 18.87
1000 12 401.99 387.45
10000 12 6452.61 6384.77
100000 12 96956.22 94131.55
100 16 18.98 17.94
1000 16 376.13 375.44
10000 16 6427.02 6389.37
100000 16 92726.08 93774.49
100 20 18.83 17.82
1000 20 386.08 370.77
10000 20 6232.35 6248.56
100000 20 94265.34 91933.74
100 24 19.11 17.84
1000 24 391.27 368.74
10000 24 6487.34 6223.70
100000 24 97130.66 92794.73
100 28 19.39 18.53
1000 28 419.50 391.84
10000 28 6608.57 6457.90
100000 28 94829.99 96359.74
100 32 20.16 18.22
1000 32 389.84 385.58
10000 32 6638.67 6317.99
100000 32 95944.87 95117.74
100 36 19.97 18.40
1000 36 403.51 388.63
10000 36 6726.61 6368.17
100000 36 95803.79 94814.05
100 6 19.50 20.28
1000 6 404.01 384.55
10000 6 6592.00 6545.30
100000 6 101473.03 96099.69
100 10 19.04 19.20
1000 10 394.81 382.47
10000 10 6402.13 6541.83
100000 10 94884.18 93355.19
100 14 18.88 18.00
1000 14 409.17 387.75
10000 14 6516.76 6429.12
100000 14 93946.37 95198.00
100 18 19.00 18.07
1000 18 404.86 387.33
10000 18 6492.85 6519.72
100000 18 93457.70 93446.43
100 22 19.26 18.27
1000 22 390.94 372.17
10000 22 6338.22 6293.82
100000 22 95323.02 92568.27
100 26 18.54 18.32
1000 26 411.45 377.59
10000 26 6423.08 6339.74
100000 26 97274.72 94668.45
100 30 20.87 18.94
1000 30 409.14 383.50
10000 30 6503.75 6332.50
100000 30 93851.32 92477.54
100 34 19.90 18.30
1000 34 394.92 382.65
10000 34 6575.88 6208.30
100000 34 97624.12 94502.66
100 5 20.63 20.52
1000 5 398.77 385.50
10000 5 6347.01 6494.38
100000 5 95156.46 94574.57
100 9 19.19 18.65
1000 9 383.76 377.14
10000 9 6598.94 6363.50
100000 9 92807.06 94254.55
100 13 18.66 18.23
1000 13 392.80 375.28
10000 13 6339.29 6266.94
100000 13 92039.41 92135.90
100 17 18.39 17.63
1000 17 378.81 368.67
10000 17 6413.46 6232.10
100000 17 91953.97 91884.40
100 21 18.88 17.70
1000 21 386.64 369.26
10000 21 6289.38 6220.67
100000 21 94744.13 91870.22
100 25 18.11 17.66
1000 25 392.74 369.80
10000 25 6380.67 6214.82
100000 25 92324.76 91979.41
100 29 19.07 18.03
1000 29 403.15 369.59
10000 29 6435.18 6216.75
100000 29 93322.04 92396.88
100 33 19.64 18.01
1000 33 389.96 379.43
10000 33 6529.02 6197.24
100000 33 93452.54 92322.70
100 7 19.14 18.92
1000 7 397.82 383.58
10000 7 6371.23 6335.72
100000 7 92276.79 93135.82
100 11 19.60 18.82
1000 11 402.35 386.92
10000 11 6498.86 6450.31
100000 11 98074.19 95933.37
100 15 18.96 18.26
1000 15 401.06 382.04
10000 15 6470.47 6356.33
100000 15 94088.43 93785.21
100 19 19.15 18.00
1000 19 391.87 375.98
10000 19 6658.38 6346.48
100000 19 95566.31 93985.44
100 23 19.59 17.97
1000 23 392.00 378.96
10000 23 6320.19 6214.89
100000 23 95758.78 91858.07
100 27 18.58 17.98
1000 27 398.85 368.98
10000 27 6378.07 6202.63
100000 27 92832.68 92088.13
100 31 19.50 18.35
1000 31 397.52 369.48
10000 31 6472.35 6216.97
100000 31 93410.97 92178.38
100 35 19.69 18.06
1000 35 396.69 380.79
10000 35 6602.73 6215.95
100000 35 94197.70 92095.06
100 4 19.70 19.80
1000 4 386.60 394.25
10000 4 6439.70 6443.23
100000 4 93192.60 93994.36
100 8 18.96 18.91
1000 8 378.08 382.60
10000 8 6354.80 6332.06
100000 8 92475.10 92735.42
100 12 18.72 18.58
1000 12 389.78 375.13
10000 12 6279.74 6248.69
100000 12 95266.34 92730.21
100 16 18.50 17.62
1000 16 373.16 372.46
10000 16 6333.91 6230.43
100000 16 92248.63 92124.35
100 20 18.65 17.72
1000 20 385.12 370.01
10000 20 6215.78 6236.82
100000 20 93102.41 91874.79
100 24 18.94 18.09
1000 24 391.84 369.60
10000 24 6308.78 6215.83
100000 24 95633.07 91825.01
100 28 18.81 18.33
1000 28 398.60 369.79
10000 28 6373.36 6212.91
100000 28 92262.80 92058.05
100 32 19.61 18.02
1000 32 385.47 376.91
10000 32 6465.76 6199.60
100000 32 93639.43 92379.93
100 36 19.73 18.32
1000 36 398.29 379.45
10000 36 6622.97 6200.26
100000 36 94106.11 92080.80
100 6 19.41 19.57
1000 6 396.76 383.70
10000 6 6350.33 6328.19
100000 6 95964.48 93770.10
100 10 18.79 18.53
1000 10 386.26 374.27
10000 10 6224.86 6309.82
100000 10 93120.15 92726.77
100 14 18.48 17.68
1000 14 391.72 376.14
10000 14 6293.64 6250.43
100000 14 91408.78 91922.10
100 18 18.59 17.66
1000 18 379.13 368.83
10000 18 6436.14 6229.85
100000 18 92192.52 91844.06
100 22 18.92 17.63
1000 22 387.45 368.60
10000 22 6324.40 6208.12
100000 22 95480.45 92115.00
100 26 18.53 18.08
1000 26 396.49 369.89
10000 26 6384.80 6211.74
100000 26 92512.85 92082.83
100 30 19.23 17.98
1000 30 402.74 368.72
10000 30 6437.22 6195.61
100000 30 93524.85 92324.26
100 34 19.59 18.03
1000 34 394.06 380.38
10000 34 6566.19 6216.60
100000 34 93524.85 92057.92
100 5 19.77 19.59
1000 5 396.63 384.56
10000 5 6305.80 6443.41
100000 5 93950.80 93779.39
100 9 19.06 18.49
1000 9 383.53 374.99
10000 9 6465.15 6346.89
100000 9 92404.18 92721.87
100 13 18.24 18.13
1000 13 391.42 374.00
10000 13 6339.63 6228.73
100000 13 92030.24 92130.89
100 17 18.37 17.67
1000 17 379.00 368.86
10000 17 6412.20 6233.24
100000 17 91947.95 91983.99
100 21 18.88 17.71
1000 21 386.33 370.69
10000 21 6285.53 6214.73
100000 21 94911.23 92047.44
100 25 17.97 17.62
1000 25 391.58 368.95
10000 25 6380.92 6198.90
100000 25 92310.71 92007.36
100 29 19.02 18.32
1000 29 402.01 368.80
10000 29 6419.70 6198.65
100000 29 93340.10 92297.70
100 33 19.64 18.31
1000 33 390.10 379.59
10000 33 6508.43 6203.89
100000 33 93081.69 92134.69
100 7 19.18 18.96
1000 7 398.78 384.52
10000 7 6352.85 6347.94
100000 7 92017.26 92909.24
100 11 19.10 18.56
1000 11 388.75 374.89
10000 11 6295.39 6248.82
100000 11 94836.33 92691.35
100 15 18.51 17.65
1000 15 392.82 374.17
10000 15 6337.19 6228.59
100000 15 92247.32 92474.42
100 19 18.78 17.64
1000 19 384.44 368.52
10000 19 6520.30 6233.12
100000 19 93634.33 91842.69
100 23 19.11 17.71
1000 23 391.13 369.40
10000 23 6317.33 6212.53
100000 23 95787.64 91885.13
100 27 18.62 18.06
1000 27 400.29 369.36
10000 27 6390.34 6208.83
100000 27 92881.70 92056.07
100 31 19.50 18.02
1000 31 397.38 369.87
10000 31 6469.43 6212.79
100000 31 93481.22 92056.61
100 35 19.63 17.98
1000 35 395.57 379.46
10000 35 6624.76 6194.11
100000 35 94437.47 92291.84
100 4 19.74 19.83
1000 4 387.43 395.46
10000 4 6432.31 6451.10
100000 4 93128.62 93854.39
100 8 19.01 18.55
1000 8 378.80 383.51
10000 8 6352.12 6344.40
100000 8 92345.33 92730.94
100 12 18.69 18.96
1000 12 389.67 375.37
10000 12 6278.12 6244.97
100000 12 95247.98 92702.02
100 16 18.49 17.67
1000 16 372.94 372.20
10000 16 6331.95 6229.70
100000 16 92245.18 92079.81
100 20 18.59 17.62
1000 20 384.26 368.54
10000 20 6211.14 6213.01
100000 20 93144.15 91851.15
100 24 18.93 17.69
1000 24 391.75 369.79
10000 24 6309.00 6213.36
100000 24 95585.67 91852.25
100 28 18.81 18.03
1000 28 398.39 369.82
10000 28 6374.39 6209.74
100000 28 92277.86 92122.77
100 32 19.61 17.99
1000 32 385.45 376.91
10000 32 6446.22 6200.56
100000 32 93389.32 92081.02
100 36 19.80 18.07
1000 36 396.91 381.23
10000 36 6622.50 6212.31
100000 36 94117.40 92145.11
100 6 19.47 19.59
1000 6 397.69 384.44
10000 6 6350.02 6346.49
100000 6 95923.29 93740.71
100 10 18.85 18.54
1000 10 387.15 375.41
10000 10 6221.34 6326.47
100000 10 93161.93 92818.54
100 14 18.46 17.71
1000 14 392.17 375.10
10000 14 6296.60 6246.71
100000 14 91438.89 91889.70
100 18 18.59 18.06
1000 18 378.93 369.08
10000 18 6437.64 6232.33
100000 18 92254.22 91969.73
100 22 18.98 17.67
1000 22 388.40 369.62
10000 22 6304.01 6212.76
100000 22 95653.17 91922.39
100 26 18.42 18.04
1000 26 395.65 369.19
10000 26 6387.18 6201.30
100000 26 92497.03 92040.62
100 30 19.28 18.03
1000 30 403.67 369.60
10000 30 6452.06 6213.50
100000 30 93276.52 92121.87
100 34 19.72 18.02
1000 34 394.15 380.41
10000 34 6567.83 6212.74
100000 34 93562.92 92130.87
100 5 19.73 19.57
1000 5 395.44 383.50
10000 5 6307.68 6425.26
100000 5 93930.73 93875.06
100 9 19.07 18.54
1000 9 383.49 378.02
10000 9 6467.06 6345.89
100000 9 92424.43 92845.81
100 13 18.25 18.14
1000 13 391.45 374.12
10000 13 6351.77 6227.72
100000 13 92199.30 92325.90
100 17 18.37 17.63
1000 17 378.64 368.57
10000 17 6430.56 6242.22
100000 17 92419.66 92208.09
100 21 18.89 18.11
1000 21 386.44 369.88
10000 21 6287.99 6218.31
100000 21 94689.87 91913.55
100 25 17.98 17.66
1000 25 391.56 368.84
10000 25 6381.94 6196.11
100000 25 92317.33 92002.77
100 29 19.01 17.98
1000 29 401.96 368.52
10000 29 6419.83 6198.56
100000 29 93292.13 92293.05
100 33 19.63 18.02
1000 33 390.22 379.38
10000 33 6508.70 6197.12
100000 33 93092.91 92090.34
100 7 19.12 18.91
1000 7 397.61 383.79
10000 7 6372.18 6329.20
100000 7 92264.16 93109.15
100 11 19.08 18.52
1000 11 388.56 375.06
10000 11 6293.24 6245.58
100000 11 94904.68 92779.68
100 15 18.55 17.66
1000 15 393.89 375.11
10000 15 6337.44 6250.92
100000 15 92196.02 91929.39
100 19 18.83 17.70
1000 19 385.33 370.30
10000 19 6518.12 6245.96
100000 19 93708.39 91829.76
100 23 19.04 17.66
1000 23 390.25 368.69
10000 23 6319.47 6196.93
100000 23 95793.13 91863.03
100 27 18.64 18.05
1000 27 400.23 369.70
10000 27 6392.87 6211.69
100000 27 92842.63 92054.93
100 31 19.46 17.98
1000 31 396.72 368.98
10000 31 6474.27 6200.17
100000 31 93422.82 92074.76
100 35 19.69 18.07
1000 35 396.82 380.95
10000 35 6603.10 6213.59
100000 35 94223.38 92082.18
100 4 19.70 19.77
1000 4 388.88 394.23
10000 4 6433.64 6440.89
100000 4 93133.03 93944.91
100 8 19.00 18.56
1000 8 379.12 383.69
10000 8 6373.77 6347.86
100000 8 92609.02 92965.83
100 12 18.65 18.49
1000 12 388.78 374.07
10000 12 6278.88 6231.92
100000 12 95251.12 92728.99
100 16 18.54 17.73
1000 16 374.00 373.35
10000 16 6312.08 6242.96
100000 16 92021.00 91824.68
100 20 18.59 18.06
1000 20 384.08 368.48
10000 20 6229.51 6214.26
100000 20 93324.64 92115.55
100 24 18.89 17.61
1000 24 390.66 368.74
10000 24 6327.67 6195.13
100000 24 95918.80 92076.24
100 28 18.76 18.29
1000 28 397.32 368.53
10000 28 6372.13 6199.61
100000 28 92249.75 92051.74
100 32 19.61 17.97
1000 32 385.44 376.58
10000 32 6463.70 6195.07
100000 32 93626.03 92305.72
100 36 19.74 17.99
1000 36 395.96 379.85
10000 36 6619.54 6197.25
100000 36 94086.10 92078.42
100 6 19.42 19.57
1000 6 396.82 383.58
10000 6 6363.46 6329.39
100000 6 96143.27 93977.79
100 10 18.79 18.52
1000 10 385.89 374.02
10000 10 6239.03 6308.08
100000 10 93380.46 92969.11
100 14 18.45 17.70
1000 14 391.72 375.39
10000 14 6294.31 6245.98
100000 14 91430.54 91878.72
100 18 18.58 17.63
1000 18 378.69 368.87
10000 18 6452.49 6226.62
100000 18 92419.99 92073.33
100 22 18.93 17.64
1000 22 387.27 368.54
10000 22 6318.24 6197.05
100000 22 95198.21 92104.50
100 26 18.42 17.98
1000 26 396.83 369.09
10000 26 6386.22 6215.13
100000 26 92501.87 92097.68
100 30 19.29 18.05
1000 30 403.73 369.54
10000 30 6453.44 6212.05
100000 30 93329.96 92029.17
100 34 19.54 18.03
1000 34 393.39 379.82
10000 34 6569.11 6200.94
100000 34 93553.09 92068.19
100 5 19.71 19.57
1000 5 395.44 383.72
10000 5 6303.27 6425.47
100000 5 93937.12 93775.58
100 9 19.03 18.54
1000 9 382.82 374.34
10000 9 6462.87 6332.69
100000 9 92423.00 92722.69
100 13 18.28 18.17
1000 13 392.39 374.99
10000 13 6337.80 6245.97
100000 13 91997.15 92101.72
100 17 18.37 17.64
1000 17 378.83 370.70
10000 17 6410.17 6232.24
100000 17 91918.53 91881.16
100 21 18.83 17.67
1000 21 385.19 368.70
10000 21 6283.67 6196.72
100000 21 94723.73 91896.46
100 25 17.98 17.62
1000 25 391.46 368.73
10000 25 6400.04 6199.15
100000 25 92575.90 92238.83
100 29 19.02 18.02
1000 29 401.87 368.63
10000 29 6419.45 6198.36
100000 29 92993.98 92041.85
100 33 19.64 17.99
1000 33 390.10 379.82
10000 33 6524.48 6196.51
100000 33 93378.36 92291.20
100 7 19.11 18.88
1000 7 404.76 383.50
10000 7 6364.06 6349.98
100000 7 92041.28 92965.16
100 11 19.10 18.56
1000 11 388.91 375.31
10000 11 6311.52 6246.49
100000 11 95031.65 92987.65
100 15 18.51 17.65
1000 15 392.63 374.02
10000 15 6360.16 6228.02
100000 15 92463.27 92237.74
100 19 18.88 17.62
1000 19 384.48 368.95
10000 19 6521.81 6230.97
100000 19 93603.00 91840.24
100 23 19.05 17.63
1000 23 390.24 368.64
10000 23 6318.45 6201.14
100000 23 95750.68 91902.60
100 27 18.63 18.04
1000 27 400.21 369.58
10000 27 6387.67 6211.60
100000 27 92846.44 92095.18
100 31 19.45 17.97
1000 31 396.52 368.55
10000 31 6488.54 6198.44
100000 31 93658.31 92291.66
100 35 19.70 18.06
1000 35 396.73 380.75
10000 35 6603.08 6213.64
100000 35 94235.16 92102.24
