# n. co/bs Rec. B.U.
100 6 19.32 20.04
1000 6 397.48 385.34
10000 6 6383.30 6360.91
100000 6 96006.54 94071.78
100 10 18.87 18.44
1000 10 397.65 393.19
10000 10 6376.79 6485.15
100000 10 94931.86 94215.79
100 14 18.53 17.71
1000 14 395.31 374.29
10000 14 6305.20 6271.97
100000 14 91523.10 91642.73
100 18 18.44 17.56
1000 18 378.32 367.75
10000 18 6650.78 6371.53
100000 18 93810.62 94266.33
100 22 18.79 17.94
1000 22 399.51 370.93
10000 22 6424.83 6351.11
100000 22 95035.41 91710.85
100 26 18.23 17.86
1000 26 395.44 368.34
10000 26 6363.71 6193.43
100000 26 92771.60 91997.79
100 30 18.99 17.79
1000 30 400.99 367.18
10000 30 6411.06 6174.55
100000 30 93281.42 91807.11
100 34 19.33 17.84
1000 34 392.36 379.08
10000 34 6551.07 6190.20
100000 34 93625.63 91764.96
100 5 19.61 19.47
1000 5 395.09 383.63
10000 5 6412.54 6479.70
100000 5 95194.53 95069.33
100 9 19.04 18.64
1000 9 382.78 376.77
10000 9 6442.67 6312.41
100000 9 93183.43 92586.25
100 13 18.16 18.21
1000 13 391.50 374.08
10000 13 6314.72 6229.68
100000 13 92224.42 91834.09
100 17 18.15 17.49
1000 17 377.09 367.40
10000 17 6425.90 6207.75
100000 17 93701.53 93208.23
100 21 18.77 17.75
1000 21 389.99 371.40
10000 21 6264.07 6194.49
100000 21 96193.23 91994.74
100 25 17.88 17.69
1000 25 396.70 370.78
10000 25 6365.65 6199.45
100000 25 92559.77 91673.10
100 29 18.88 17.90
1000 29 401.32 367.77
10000 29 6399.20 6185.44
100000 29 92997.14 91856.61
100 33 19.45 17.93
1000 33 390.17 381.95
10000 33 6500.65 6209.02
100000 33 93179.22 91938.71
100 7 18.98 18.85
1000 7 405.09 382.45
10000 7 6516.38 6388.93
100000 7 92454.81 94355.64
100 11 18.92 18.47
1000 11 389.35 373.87
10000 11 6286.24 6264.27
100000 11 95041.26 92724.34
100 15 18.75 17.87
1000 15 417.07 384.15
10000 15 6724.41 6579.02
100000 15 96805.82 100693.84
100 19 18.61 17.77
1000 19 389.20 373.83
10000 19 6516.61 6299.68
100000 19 96124.40 93353.37
100 23 19.16 17.96
1000 23 393.61 372.13
10000 23 6365.91 6266.74
100000 23 97111.43 92341.13
100 31 19.32 18.00
1000 31 395.94 368.41
10000 31 6566.48 6337.39
100000 31 95820.44 93297.28
100 35 19.80 18.25
1000 35 399.09 382.70
10000 35 6602.78 6195.01
100000 35 94140.32 92062.00
100 4 19.75 20.00
1000 4 387.50 398.28
10000 4 6448.92 6473.72
100000 4 93082.15 94133.43
100 8 18.91 18.44
1000 8 377.81 383.26
10000 8 6362.71 6345.98
100000 8 92356.97 92967.82
100 12 18.55 18.42
1000 12 388.67 374.20
10000 12 6309.33 6243.30
100000 12 95474.25 93177.59
100 16 18.35 17.51
1000 16 372.86 372.45
10000 16 6327.69 6240.57
100000 16 92024.88 92113.33
100 20 18.52 17.58
1000 20 385.07 369.89
10000 20 6225.11 6250.75
100000 20 93109.91 92011.49
100 24 18.75 17.49
1000 24 390.83 368.57
10000 24 6323.65 6206.88
100000 24 95627.79 92075.40
100 28 18.64 17.89
1000 28 398.56 369.81
10000 28 6387.37 6225.35
100000 28 94077.53 92300.86
100 32 19.78 18.13
1000 32 391.73 382.59
10000 32 6548.87 6311.00
100000 32 95256.76 93773.84
100 36 20.10 18.24
1000 36 406.52 393.43
10000 36 6764.52 6369.91
100000 36 97051.12 94789.73
100 4 19.57 19.70
1000 4 385.95 394.02
10000 4 6400.19 6432.41
100000 4 93010.62 93626.66
100 8 18.80 18.40
1000 8 377.32 381.94
10000 8 6327.53 6320.71
100000 8 92328.61 92355.00
100 12 18.50 18.41
1000 12 389.14 373.70
10000 12 6251.43 6221.98
100000 12 95242.45 92342.97
100 16 18.32 17.55
1000 16 372.37 371.77
10000 16 6286.19 6219.88
100000 16 91944.95 91460.94
100 20 18.38 17.49
1000 20 382.38 367.24
10000 20 6184.94 6190.36
100000 20 93046.32 91475.20
100 24 18.72 17.51
1000 24 390.05 368.19
10000 24 6284.79 6184.55
100000 24 95554.62 91466.72
100 28 18.55 17.82
1000 28 396.74 368.04
10000 28 6345.32 6184.52
100000 28 92173.89 91692.80
100 32 19.34 17.86
1000 32 383.60 375.25
10000 32 6433.44 6168.42
100000 32 93530.57 91964.36
100 36 19.45 17.76
1000 36 394.04 377.78
10000 36 6609.00 6170.52
100000 36 94257.25 92028.92
100 6 19.24 19.40
1000 6 395.39 382.06
10000 6 6319.22 6307.26
100000 6 95826.83 93374.79
100 10 18.64 18.40
1000 10 385.06 373.49
10000 10 6191.10 6302.79
100000 10 93119.71 92332.42
100 14 18.25 17.52
1000 14 390.35 373.64
10000 14 6269.52 6222.16
100000 14 91368.42 91485.83
100 18 18.37 17.48
1000 18 376.97 366.85
10000 18 6413.55 6201.25
100000 18 92162.82 91488.68
100 22 18.74 17.88
1000 22 386.92 367.99
10000 22 6273.55 6186.41
100000 22 94862.90 91461.91
100 26 18.21 17.81
1000 26 394.93 368.09
10000 26 6373.64 6186.19
100000 26 92694.39 92009.52
100 30 18.98 17.76
1000 30 400.44 367.06
10000 30 6408.61 6170.48
100000 30 93371.67 91913.98
100 34 19.32 17.81
1000 34 392.17 379.16
10000 34 6535.40 6185.50
100000 34 93459.84 91686.56
100 5 19.58 19.45
1000 5 394.85 382.92
10000 5 6277.93 6416.38
100000 5 93870.86 93363.39
100 9 18.82 18.36
1000 9 380.68 372.78
10000 9 6451.36 6301.47
100000 9 92588.55 92559.93
100 13 18.09 18.05
1000 13 390.90 373.62
10000 13 6310.48 6220.50
100000 13 91926.01 91734.00
100 17 18.15 17.46
1000 17 377.24 367.38
10000 17 6400.01 6205.66
100000 17 92127.58 91700.52
100 21 18.61 17.45
1000 21 383.27 366.86
10000 21 6274.66 6175.72
100000 21 94946.42 91737.92
100 25 17.72 17.50
1000 25 389.84 367.17
10000 25 6354.14 6176.86
100000 25 92251.20 91623.85
100 29 18.80 17.81
1000 29 400.76 367.94
10000 29 6411.13 6182.83
100000 29 92918.13 91672.40
100 33 19.41 17.82
1000 33 389.13 378.77
10000 33 6484.55 6184.44
100000 33 92997.94 91733.60
100 7 18.95 18.81
1000 7 397.12 382.94
10000 7 6322.54 6321.52
100000 7 91989.82 93315.06
100 11 18.90 18.43
1000 11 387.03 373.71
10000 11 6266.61 6222.83
100000 11 94733.30 92430.35
100 15 18.34 17.50
1000 15 392.31 373.54
10000 15 6310.12 6223.26
100000 15 92141.59 91437.13
100 19 18.58 17.49
1000 19 382.56 366.85
10000 19 6488.77 6204.06
100000 19 93537.33 91465.28
100 23 18.81 17.87
1000 23 388.62 367.28
10000 23 6288.33 6170.45
100000 23 95710.88 91465.26
100 27 18.37 17.84
1000 27 398.05 367.97
10000 27 6358.97 6187.10
100000 27 92771.41 91718.38
100 31 19.23 17.84
1000 31 396.01 368.09
10000 31 6439.39 6185.94
100000 31 93344.59 91675.06
100 35 19.41 17.95
1000 35 395.54 379.22
10000 35 6571.55 6186.07
100000 35 94122.26 91675.80
100 4 19.55 20.08
1000 4 385.73 393.64
10000 4 6401.29 6423.67
100000 4 93058.29 93505.93
100 8 18.79 18.35
1000 8 378.05 381.95
10000 8 6351.90 6306.25
100000 8 92764.13 92678.16
100 12 18.52 18.41
1000 12 388.20 373.37
10000 12 6249.34 6219.25
100000 12 95185.18 92346.25
100 16 18.27 17.49
1000 16 371.45 370.92
10000 16 6285.66 6202.57
100000 16 91951.01 91459.49
100 20 18.43 17.50
1000 20 383.56 367.74
10000 20 6181.57 6201.10
100000 20 93071.06 91477.89
100 24 18.66 17.45
1000 24 389.39 367.12
10000 24 6282.47 6172.57
100000 24 95556.02 91491.19
100 28 18.55 17.85
1000 28 396.98 367.85
10000 28 6345.49 6185.03
100000 28 92182.38 91764.24
100 32 19.34 17.77
1000 32 383.65 374.89
10000 32 6414.66 6169.22
100000 32 93287.61 91705.15
100 36 19.51 17.85
1000 36 395.08 378.92
10000 36 6589.93 6184.81
100000 36 93992.23 91877.49
100 6 19.30 19.47
1000 6 396.40 383.30
10000 6 6320.83 6320.14
100000 6 95820.77 93437.37
100 10 18.60 18.37
1000 10 384.37 372.57
10000 10 6192.61 6283.97
100000 10 93075.12 92365.07
100 14 18.21 17.48
1000 14 389.29 372.76
10000 14 6285.78 6199.67
100000 14 91575.39 91696.95
100 18 18.36 17.48
1000 18 376.95 366.89
10000 18 6427.79 6199.86
100000 18 92188.57 92341.93
100 22 18.77 17.51
1000 22 386.50 368.16
10000 22 6274.37 6184.15
100000 22 94868.50 91443.65
100 26 18.20 17.84
1000 26 394.90 367.96
10000 26 6360.81 6188.08
100000 26 92432.48 91695.31
100 30 18.98 17.81
1000 30 400.76 367.10
10000 30 6407.87 6168.19
100000 30 93406.79 91947.38
100 34 19.26 17.77
1000 34 391.32 378.11
10000 34 6541.85 6167.56
100000 34 93465.40 91756.53
100 5 19.57 19.86
1000 5 394.58 382.96
10000 5 6277.51 6414.65
100000 5 93865.64 93475.13
100 9 18.81 18.38
1000 9 380.79 372.48
10000 9 6450.01 6303.04
100000 9 92617.08 92600.95
100 13 18.06 18.02
1000 13 389.86 372.81
10000 13 6312.13 6204.48
100000 13 91939.87 91717.55
100 17 18.14 17.46
1000 17 376.90 367.11
10000 17 6384.64 6205.31
100000 17 91862.55 91493.02
100 21 18.61 17.46
1000 21 383.34 367.38
10000 21 6276.67 6169.20
100000 21 94783.88 91712.85
100 25 17.77 17.53
1000 25 391.04 368.05
10000 25 6357.62 6185.43
100000 25 92241.73 91614.77
100 29 18.76 17.81
1000 29 399.88 367.27
10000 29 6397.26 6171.87
100000 29 92940.26 91763.91
100 33 19.40 17.81
1000 33 389.20 379.00
10000 33 6481.95 6192.77
100000 33 92963.23 91698.04
100 7 18.91 18.78
1000 7 396.01 381.98
10000 7 6348.55 6303.19
100000 7 92167.72 92856.15
100 11 18.88 18.38
1000 11 387.23 373.53
10000 11 6268.59 6221.87
100000 11 94743.82 92319.63
100 15 18.29 17.84
1000 15 390.98 372.41
10000 15 6312.11 6205.30
100000 15 92140.79 91523.25
100 19 18.56 17.45
1000 19 382.51 366.84
10000 19 6493.64 6203.24
100000 19 93617.19 91473.71
100 23 18.82 17.46
1000 23 388.63 367.14
10000 23 6290.74 6172.23
100000 23 95733.66 91447.82
100 27 18.38 18.11
1000 27 398.04 368.05
10000 27 6348.34 6186.10
100000 27 92754.19 91726.38
100 31 19.18 17.80
1000 31 394.60 366.79
10000 31 6445.64 6167.64
100000 31 93359.65 91693.51
100 35 19.36 17.77
1000 35 394.01 378.06
10000 35 6587.80 6169.81
100000 35 94425.93 92511.99
